0
0
0
0
0
10191.9830903317
0
0
19331.493601473856
0
0
27072.209112314387
0
0
33241.551273259654
0
0
37717.817956154395
0
0
40428.45778428511
0
0
41335.86474070115
0
0
40428.45373088542
0
0
37717.8080289185
0
0
33241.530353801
0
0
27072.148427328288
0
0
19331.444313552383
0
0
10192.700485926245
0
-45.26939877206031
0
0
10191.983105888934
0
7147.978706961144
9623.351554928548
9623.351586032208
13585.870799386033
8370.639333822037
18392.47159425372
19053.14787015654
6906.392786231563
25875.23295766702
23414.44529763186
5285.236866873757
31854.341699748664
26580.360371054525
3567.5908274251024
36198.8967383066
28498.039487598227
1795.8430051752423
38831.98662341189
29140.077475844828
-0.0015938725585198166
39713.76792348119
28498.03710721397
-1795.8467021487704
38831.98467180237
26580.354826337887
-3567.596393952884
36198.89287871015
23414.434474645885
-5285.247401606601
31854.33763973705
19053.126207215017
-6906.418946757802
25875.247234140003
13585.844355112142
-8370.583633848362
18392.54668049972
7148.37192384974
-9621.39227556592
9623.446501040959
0
-10186.853209751866
0
0
19331.493723061292
0
13585.870863657794
18392.471621407916
8370.63949525286
25970.116438329747
16165.309541162767
16165.30977133321
36546.57458128545
13380.0120338289
22915.93577584549
45003.59011437335
10257.21686275883
28350.306805903358
51151.062028518325
6930.867674587367
32315.50359556683
54877.63607502131
3490.728874553223
34724.25881356064
56125.728790526366
-0.0016207364821963467
35531.7598595132
54877.63378371738
-3490.7320557286425
34724.26100890652
51151.05769596614
-6930.869988300209
32315.510668982257
45003.58584079716
-10257.212239297396
28350.32676338691
36546.58451843622
-13379.960595401015
22915.99358124083
25970.20544923869
-16165.119071820767
16165.387514187765
13586.04571664142
-18392.96267872983
8370.327930981424
0
-19332.805565963718
0
0
27072.209505758263
0
19053.14811490269
25875.23320016831
6906.393138733559
36546.57486884386
22915.93562172988
13380.01261987351
51575.533474105796
19051.173112690405
19051.173768089808
63632.97579419469
14641.290974153897
23657.95741716713
72414.55552134517
9907.534617420231
27038.206795154027
77743.70957993876
4993.730946203488
29098.210131947737
79529.41574185087
8.575146638753835E-06
29789.80768583566
77743.70986682325
-4993.729720144289
29098.21462275378
72414.55816090252
-9907.528176752221
27038.217538900517
63632.987388235895
-14641.269815563965
23657.97640639511
51575.56970776295
-19051.125517988785
19051.185960028837
36546.651487781266
-22915.88376509749
13379.970946742294
19053.22048142068
-25875.196686355474
6906.322537912551
0
-27072.17564275148
0
0
33241.55216059643
0
23414.445874289966
31854.342350636896
5285.237450586291
45003.59095727978
28350.306859736484
10257.217833035718
63632.97642786076
23657.956789278996
14641.292071659882
78625.35018529241
18226.772283519913
18226.773370598126
89565.99349929267
12352.439423131926
20871.214913438587
96213.00952678452
6231.101213895558
22487.991669710136
98441.48357244037
0.0020934111723386766
23031.61045224492
96213.01288265313
-6231.095435379481
22487.99532496857
89566.00260451986
-12352.428413123096
20871.221449791297
78625.370196122
-18226.75238430618
18226.778644892376
63633.013309174145
-23657.931125091498
14641.285144254894
45003.640431717
-28350.30634036963
10257.186338734742
23414.48335734191
-31854.39930386863
5285.20460423504
0
-33241.640963018304
0
0
37717.81961154579
0
26580.361458157615
36198.8980012677
3567.5916841017315
51151.06369673506
32315.503904183697
6930.869013724458
72414.55704104251
27038.206111230073
9907.535959349008
89565.99430729575
20871.21371776191
12352.440504286604
102102.01714182379
14162.314059444408
14162.314980262294
109725.65496509857
7149.026868148256
15271.632739015684
112282.70680402052
0.0034600978166396956
15645.088149989911
109725.66016253171
-7149.018874725222
15271.634198360938
102102.02898810327
-14162.303231014926
14162.316338579407
89566.01492628099
-20871.200424572093
12352.437976319012
72414.58652350886
-27038.196358516725
9907.524591964728
51151.095570207915
-32315.507583626128
6930.849900845967
26580.382888204782
-36198.91839944542
3567.576221080638
0
-37717.84753864012
0
0
40428.4605695085
0
28498.0413059506
38831.9887065424
1795.8442224967416
54877.638823201814
34724.25925524753
3490.730562208096
77743.7120527977
29098.209018606572
4993.73220730605
96213.01091433447
22487.98994219741
6231.101622998587
109725.65525931658
15271.63160095295
7149.026611248154
117948.3515089711
7712.506817581101
7712.506357962601
120707.15722113663
0.003825641199419539
7902.351338527538
117948.35707076821
-7712.498776360735
7712.506058265724
109725.6668184796
-15271.622917685938
7149.024850217479
96213.0285483442
-22487.98206892168
6231.096464846502
77743.7339049346
-29098.205893494927
4993.722512573592
54877.659855134756
-34724.26547062591
3490.7185985783035
28498.054471078194
-38832.00507009749
1795.8356678721832
0
-40428.48142684594
0
0
41335.86922295603
0
29140.08034515651
39713.77105243439
0.00019484498473863404
56125.732860915596
35531.75998983762
0.00039989108665454355
79529.41892979875
29789.805323998073
0.0006194524177961637
98441.48473592436
23031.607498736448
0.0008426873953400829
112282.70620335203
15645.086404926276
0.001027138348952552
120707.15610703985
7902.351732665273
0.0010721953902323082
123533.94472269305
0.0034955028646500214
0.0007876187434860153
120707.16108961983
-7902.344802938801
-0.00011008506872167063
112282.71599865425
-15645.080002715167
-0.0018860171005327863
98441.49854479762
-23031.60297720703
-0.004439036613557632
79529.43467107744
-29789.804794317177
-0.006815503732464319
56125.74699588325
-35531.765094384435
-0.007343281452766495
29140.08880494659
-39713.781333746294
-0.0048558874333947495
0
-41335.88162420432
0
0
40428.46094401065
0
28498.041576120722
38831.98909222688
-1795.8438671965773
54877.63937839449
34724.25966961071
-3490.7298301900173
77743.7129150537
29098.20946148869
-4993.731064452628
96213.01209303143
22487.99037315257
-6231.100045377604
109725.6567092908
15271.63189888006
-7149.024634560476
117948.3530518423
7712.506718508028
-7712.5041747180885
120707.15841876743
0.00285900357171187
-7902.349468217268
117948.35707773759
-7712.501254481664
-7712.505587922564
109725.66436015446
-15271.627351760995
-7149.027600209168
96213.02237756432
-22487.987734548176
-6231.104560053885
77743.72406515866
-29098.209841623808
-4993.736566252421
54877.64897362744
-34724.263671893605
-3490.735013056919
28498.04716053767
-38831.99614746652
-1795.8470568258595
0
-40428.469203208755
0
0
37717.82029292521
0
26580.36195021386
36198.898705205705
-3567.591428302692
51151.06471140637
32315.504668583482
-6930.868480074188
72414.55862803147
27038.206947567654
-9907.535105157658
89565.9965054107
20871.214575937734
-12352.439270817371
102102.01991378027
14162.314761401663
-14162.313305964048
109725.65806831948
7149.026992164138
-15271.630597210486
112282.70955926689
0.0021749491393538278
-15645.085657595808
109725.66110823347
-7149.022927999569
-15271.631909623093
102102.02557368037
-14162.311600289444
-14162.315874490327
89566.0038982931
-20871.21299720948
-12352.442855137335
72414.56640218505
-27038.20752960834
-9907.539132232998
51151.07122789099
-32315.50758138156
-6930.872043137495
26580.365676933074
-36198.90345336921
-3567.5935378745876
0
-37717.8257413991
0
0
33241.553022091946
0
23414.44649731642
31854.34324463469
-5285.237346779565
45003.59224834829
28350.30784515774
-10257.217608342642
63632.978467267436
23657.957902307975
-14641.291686280445
78625.35306229607
18226.773505574212
-18226.772748061438
89565.99725258461
12352.4406159461
-20871.213913082764
96213.01401819452
6231.101989956736
-22487.990040917262
98441.48822931257
0.0015639187939622886
-23031.60778800657
96213.01619428073
-6231.09910710497
-22487.991139695474
89566.00125466337
-12352.438466784044
-20871.215986634415
78625.35820013184
-18226.772542068033
-18226.775505736394
63632.98377073539
-23657.95843320792
-14641.294639385684
45003.59662258197
-28350.30988799773
-10257.220120968896
23414.448971833204
-31854.346427988552
-5285.238797624405
0
-33241.556631473046
0
0
27072.210380415163
0
19053.148748443386
25875.23411222995
-6906.393215065751
36546.57618870584
22915.93664327935
-13380.012769335519
51575.53558136039
19051.17430511809
-19051.173976226273
63632.97882534409
14641.292371413805
-23657.957637113872
72414.55961732191
9907.536189367813
-27038.20690075798
77743.71481507555
4993.7325166530545
-29098.20981967577
79529.42196034366
0.0010587952636139679
-29789.806277235093
77743.71628439816
-4993.730580641698
-29098.210705036407
72414.56229999205
-9907.53478298264
-27038.20853792757
63632.98223405657
-14641.291785163832
-23657.959754691936
51575.53906098785
-19051.174706006106
-19051.176179233822
36546.579030719004
-22915.93800378806
-13380.01459845638
19053.15034554776
-25875.236176287603
-6906.394254353793
0
-27072.21270345084
0
0
19331.494434016065
0
13585.871379339207
18392.472365934616
-8370.63974426691
25970.11751769889
16165.310386740506
-16165.310286403963
36546.57632072277
13380.013048559384
-22915.93658627024
45003.59265881961
10257.218114541247
-28350.307940005234
51151.06557033773
6930.869228188028
-32315.505049179665
54877.64084894336
3490.7307827572636
-34724.2604770259
56125.73505516602
0.0006492099069107078
-35531.76134073125
54877.64174850054
-3490.729601154188
-34724.26119696833
51151.06720592239
-6930.868382690702
-32315.506365133857
45003.594724807714
-10257.217777733487
-28350.30961475987
36546.578416161334
-13380.013308406853
-22915.938298742578
25970.11921945814
-16165.311213250267
-16165.311687108882
13585.872331964205
-18392.47360084133
-8370.640532173862
0
-19331.49581791175
0
0
10191.983504107508
0
7147.978996077093
9623.351973162586
-9623.351960344551
13585.871406461916
8370.639813283293
-18392.472378333077
19053.1488546626
6906.393372161059
-25875.23422317443
23414.446754034565
5285.237613389118
-31854.343555958683
26580.362438236232
3567.591807905485
-36198.89933413929
28498.042369714178
1795.8443365766736
-38831.99014968447
29140.08149023441
0.00030737369031478515
-39713.7726120946
28498.042795284873
-1795.8437784602315
-38831.99076817277
26580.36321036933
-3567.5914116511954
-36198.90045775563
23414.44772639853
-5285.237459347934
-31854.344973586383
19053.149837622244
-6906.393498505726
-25875.23565916308
13585.872202403307
-8370.64020269325
-18392.47354320605
7147.979440740545
-9623.352550436884
-9623.352611918099
0
-10191.984149584707
0
0
0
0
0
0
-10191.983510516033
0
0
-19331.494484754574
0
0
-27072.21054793056
0
0
-33241.55340537103
0
0
-37717.82100301555
0
0
-40428.462081428996
0
0
-41335.87084736211
0
0
-40428.462665993284
0
0
-37717.822062943764
0
0
-33241.55473894874
0
0
-27072.211894699038
0
0
-19331.49557432217
0
0
-10191.984118849234
0
0
0