0
0
0
0
0
10191.98309033217
0
0
19331.49360147486
0
0
27072.209112315846
0
0
33241.55127326149
0
0
37717.81795615673
0
0
40428.457784287195
0
0
41335.864740703226
0
0
40428.45373088683
0
0
37717.80802891962
0
0
33241.53035380155
0
0
27072.148427329445
0
0
19331.4443135525
0
0
10192.700485926394
0
-45.2693987720646
0
0
10191.98310588927
0
7147.978706961468
9623.351554929044
9623.351586032653
13585.8707993867
8370.639333822483
18392.471594254625
19053.14787015749
6906.392786231938
25875.232957668213
23414.44529763307
5285.23686687412
31854.341699750203
26580.360371055955
3567.5908274253156
36198.89673830839
28498.03948759973
1795.8430051752505
38831.9866234138
29140.07747584623
-0.0015938728629020927
39713.76792348302
28498.03710721506
-1795.8467021492452
38831.984671803795
26580.354826338655
-3567.596393953305
36198.89287871117
23414.43447464639
-5285.247401606895
31854.337639737638
19053.126207215362
-6906.418946758035
25875.247234140235
13585.844355112311
-8370.583633848553
18392.54668049984
7148.371923849816
-9621.392275566033
9623.446501041033
0
-10186.853209751953
0
0
19331.493723062085
0
13585.870863658432
18392.471621408848
8370.639495253294
25970.11643833102
16165.309541163553
16165.309771334001
36546.57458128722
13380.012033829476
22915.93577584659
45003.590114375525
10257.216862759375
28350.306805904605
51151.06202852086
6930.867674587809
32315.503595568083
54877.636075024006
3490.728874553245
34724.25881356194
56125.728790528905
-0.0016207370050442505
35531.759859514525
54877.63378371935
-3490.732055729599
34724.26100890758
51151.05769596748
-6930.869988301056
32315.51066898278
45003.58584079795
-10257.212239298087
28350.326763387046
36546.584518436604
-13379.960595401346
22915.99358124083
25970.205449238878
-16165.119071820962
16165.3875141877
13586.045716641507
-18392.962678729917
8370.32793098141
0
-19332.805565963958
0
0
27072.20950575954
0
19053.148114903623
25875.233200169565
6906.393138733844
36546.57486884563
22915.935621730925
13380.01261987403
51575.53347410822
19051.173112691202
19051.173768090484
63632.97579419762
14641.290974154497
23657.957417168
72414.55552134845
9907.534617420537
27038.206795154725
77743.70957994211
4993.730946203523
29098.210131948348
79529.41574185398
8.574456279222067E-06
29789.807685835804
77743.70986682568
-4993.72972014548
29098.21462275395
72414.55816090401
-9907.528176753443
27038.217538900477
63632.98738823662
-14641.269815564761
23657.97640639487
51575.56970776331
-19051.125517989192
19051.185960028808
36546.6514877814
-22915.88376509766
13379.970946742169
19053.220481420736
-25875.196686355568
6906.322537912515
0
-27072.175642751485
0
0
33241.55216059819
0
23414.445874291
31854.342350638246
5285.237450586256
45003.59095728177
28350.30685973767
10257.217833035731
63632.976427863454
23657.95678927986
14641.292071659998
78625.35018529564
18226.7722835205
18226.773370598177
89565.9934992962
12352.439423132131
20871.214913438474
96213.00952678792
6231.101213894995
22487.99166970971
98441.48357244315
0.002093410242177511
23031.61045224388
96213.0128826552
-6231.095435380702
22487.995324967418
89566.002604521
-12352.428413124364
20871.221449790297
78625.37019612246
-18226.752384306783
18226.778644891743
63633.01330917432
-23657.931125091793
14641.285144254583
45003.64043171703
-28350.306340369723
10257.18633873459
23414.483357341902
-31854.399303868642
5285.204604234922
0
-33241.64096301811
0
0
37717.81961154644
0
26580.361458158615
36198.89800126909
3567.5916841018425
51151.06369673692
32315.503904184687
6930.869013724093
72414.55704104505
27038.206111230982
9907.53595934857
89565.99430729878
20871.213717762483
12352.440504286023
102102.01714182695
14162.314059444117
14162.31498026148
109725.6549651012
7149.026868147216
15271.632739014365
112282.70680402225
0.0034600965142668814
15645.088149988109
109725.66016253259
-7149.018874726223
15271.634198358992
102102.02898810346
-14162.303231015838
14162.316338577783
89566.01492628081
-20871.20042457221
12352.43797631796
72414.58652350871
-27038.196358516703
9907.52459196413
51151.095570207784
-32315.507583626077
6930.849900845623
26580.38288820469
-36198.91839944541
3567.5762210804323
0
-37717.84753863998
0
0
40428.46056951027
0
28498.04130595144
38831.98870654342
1795.8442224958317
54877.63882320333
34724.25925524848
3490.730562207541
77743.7120527997
29098.209018607133
4993.7322073051255
96213.01091433683
22487.989942197768
6231.101622997237
109725.65525931897
15271.631600952507
7149.026611246719
117948.35150897272
7712.506817579648
7712.506357961076
120707.15722113715
0.003825639598082856
7902.351338526053
117948.35707076771
-7712.4987763618865
7712.50605826389
109725.66681847851
-15271.622917686287
7149.02485021571
96213.02854834318
-22487.982068921283
6231.096464845192
77743.73390493386
-29098.2058934946
4993.72251257257
54877.65985513426
-34724.26547062563
3490.7185985777173
28498.05447107795
-38832.00507009713
1795.8356678719103
0
-40428.48142684553
0
0
41335.869222956644
0
29140.080345156992
39713.77105243514
0.00019484466198579158
56125.73286091658
35531.75998983815
0.0003998902898520236
79529.41892979997
29789.80532399824
0.0006194511675582643
98441.48473592561
23031.607498736594
0.0008426858545951885
112282.70620335317
15645.086404925716
0.0010271366348133457
120707.15610704035
7902.351732664007
0.00107219369676482
123533.94472269255
0.003495501206144984
0.0007876173209717827
120707.1610896182
-7902.344802940179
-0.00011008646444585035
112282.71599865209
-15645.080002715327
-0.00188601831048254
98441.49854479572
-23031.60297720641
-0.004439037831860851
79529.43467107603
-29789.804794316464
-0.006815504561079083
56125.74699588231
-35531.76509438373
-0.00734328210405799
29140.08880494618
-39713.78133374558
-0.004855887619168641
0
-41335.881624203976
0
0
40428.46094401092
0
28498.041576120868
38831.98909222722
-1795.8438671971287
54877.63937839486
34724.259669610925
-3490.729830190807
77743.7129150541
29098.209461488645
-4993.73106445358
96213.01209303174
22487.990373152286
-6231.100045378597
109725.65670929078
15271.631898879506
-7149.024634561806
117948.35305184164
7712.506718506816
-7712.504174719727
120707.15841876577
0.0028590023178369827
-7902.349468218759
117948.35707773505
-7712.501254482507
-7712.505587923746
109725.66436015161
-15271.627351761053
-7149.02760020992
96213.02237756175
-22487.987734547492
-6231.104560054484
77743.72406515671
-29098.209841622873
-4993.73656625289
54877.64897362616
-34724.26367189264
-3490.7350130572004
28498.04716053711
-38831.99614746554
-1795.8470568260489
0
-40428.469203208224
0
0
37717.820292924705
0
26580.361950213803
36198.89870520579
-3567.591428302569
51151.06471140635
32315.50466858346
-6930.8684800745
72414.55862803137
27038.206947567476
-9907.53510515811
89565.99650541051
20871.214575937458
-12352.439270817886
102102.01991377962
14162.314761400692
-14162.313305964695
109725.65806831796
7149.026992162639
-15271.630597211111
112282.7095592644
0.0021749477095732526
-15645.08565759637
109725.66110823037
-7149.022928000024
-15271.631909623467
102102.02557367721
-14162.311600289277
-14162.315874490392
89566.00389829038
-20871.21299720852
-12352.442855137224
72414.56640218303
-27038.207529607324
-9907.539132232838
51151.07122788967
-32315.507581380643
-6930.8720431374695
26580.36567693242
-36198.90345336828
-3567.5935378746503
0
-37717.82574139792
0
0
33241.553022092034
0
23414.44649731639
31854.343244634547
-5285.2373467795305
45003.592248348104
28350.307845157462
-10257.217608342868
63632.97846726708
23657.95790230777
-14641.291686280761
78625.35306229553
18226.77350557386
-18226.77274806183
89565.99725258365
12352.440615945248
-20871.213913082913
96213.0140181928
6231.10198995549
-22487.990040917204
98441.48822931
0.001563917837585802
-23031.607788006215
96213.01619427773
-6231.0991071051485
-22487.991139694983
89566.00125466043
-12352.43846678353
-20871.21598663392
78625.35820012944
-18226.772542067232
-18226.775505735855
63632.98377073359
-23657.958433207143
-14641.294639385307
45003.5966225807
-28350.30988799692
-10257.220120968728
23414.448971832568
-31854.34642798765
-5285.238797624375
0
-33241.55663147234
0
0
27072.210380415516
0
19053.148748443302
25875.234112229642
-6906.393215065994
36546.57618870553
22915.93664327909
-13380.012769335593
51575.535581359916
19051.174305117867
-19051.173976226226
63632.97882534348
14641.292371413643
-23657.957637113665
72414.55961732107
9907.536189367234
-27038.206900757687
77743.71481507408
4993.732516652108
-29098.20981967527
79529.42196034157
0.0010587944884640809
-29789.80627723428
77743.71628439566
-4993.730580642072
-29098.2107050356
72414.56229998959
-9907.534782982191
-27038.208537926817
63632.98223405453
-14641.291785163152
-23657.959754691397
51575.53906098629
-19051.17470600548
-19051.176179233447
36546.579030717876
-22915.93800378745
-13380.01459845613
19053.150345547154
-25875.23617628674
-6906.394254353727
0
-27072.212703450088
0
0
19331.4944340156
0
13585.871379339063
18392.47236593446
-8370.639744266886
25970.11751769863
16165.31038674034
-16165.31028640376
36546.576320722415
13380.01304855928
-22915.936586269985
45003.59265881919
10257.218114541081
-28350.307940004943
51151.06557033712
6930.869228187552
-32315.505049179275
54877.640848942305
3490.730782756582
-34724.26047702525
56125.73505516449
0.0006492092479753468
-35531.761340730394
54877.64174849868
-3490.7296011544577
-34724.26119696728
51151.06720592051
-6930.868382690471
-32315.506365132824
45003.59472480613
-10257.217777732936
-28350.30961475907
36546.57841616013
-13380.013308406371
-22915.938298741934
25970.119219457272
-16165.31121324983
-16165.311687108408
13585.872331963708
-18392.473600840724
-8370.640532173611
0
-19331.495817910913
0
0
10191.983504107404
0
7147.978996077018
9623.351973162524
-9623.351960344437
13585.8714064618
8370.639813283233
-18392.472378332895
19053.14885466244
6906.393372160999
-25875.234223174193
23414.446754034358
5285.237613389026
-31854.343555958374
26580.362438235912
3567.5918079052362
-36198.89933413888
28498.04236971362
1795.8443365762755
-38831.990149683734
29140.08149023358
0.0003073733702769681
-39713.77261209354
28498.042795283858
-1795.8437784603789
-38831.99076817143
26580.363210368312
-3567.591411651055
-36198.900457754295
23414.447726397662
-5285.237459347648
-31854.344973585245
19053.149837621593
-6906.393498505456
-25875.235659162223
13585.872202402834
-8370.640202692994
-18392.473543205437
7147.979440740278
-9623.352550436555
-9623.352611917731
0
-10191.98414958432
0
0
0
0
0
0
-10191.983510515922
0
0
-19331.494484754425
0
0
-27072.210547930335
0
0
-33241.55340537074
0
0
-37717.82100301512
0
0
-40428.46208142819
0
0
-41335.8708473609
0
0
-40428.4626659918
0
0
-37717.822062942294
0
0
-33241.5547389475
0
0
-27072.211894698106
0
0
-19331.49557432149
0
0
-10191.984118848852
0
0
0